[Autopilot('\n(-0.7, -1.0, -0.8, 0.7, 0.9, 0.3, 0.5, -0.9, 0.6, -2.22044604925e-16, -0.2, 0.6, -0.7, -0.7, 1.0, 0.9, 0.9, 0.7, -0.9, -0.8)'),
 Autopilot('\n(0.4, -2.22044604925e-16, -0.9, 0.7, 0.9, 0.3, 0.5, -0.9, 0.6, -2.22044604925e-16, -0.2, 0.6, -0.7, -0.7, 1.0, 0.9, 0.9, 0.7, -0.9, -0.8)'),
 Autopilot('\n(-0.7, -1.0, -0.5, 0.7, -0.2, 0.3, 0.9, -1.0, 0.5, 0.5, 0.2, 0.4, 1.0, -2.22044604925e-16, -0.1, 0.3, -0.1, -0.6, 0.3, -0.9)'),
 Autopilot('\n(-0.7, -1.0, -0.5, 0.7, -0.2, 0.3, -0.2, -1.0, 0.7, 0.8, -1.0, -2.22044604925e-16, 0.1, -0.2, -0.7, 0.3, -0.2, -0.1, 0.3, -0.9)'),
 Autopilot('\n(1.0, 0.1, -0.8, -1.0, 0.9, 0.9, 0.2, 0.1, 1.0, -0.9, -1.0, -2.22044604925e-16, 0.1, -0.2, -0.7, 0.3, -0.3, 0.2, 1.0, 0.8)')]

[Autopilot('\n(0.3, -0.7, -0.9, 1.0, -0.7, 1.0, 0.5, -0.7, 0.2, 0.7, 0.9, -0.1, 0.2, -0.8, 0.1, 0.3, -2.22044604925e-16, 0.5, 0.1, 0.6)'),
 Autopilot('\n(-0.9, -0.7, -0.9, 1.0, -0.7, 1.0, 0.5, -0.7, 0.2, 0.7, 0.9, -0.1, 0.2, -0.8, 0.1, 0.3, -2.22044604925e-16, 0.5, 0.1, 0.6)'),
 Autopilot('\n(0.1, -0.7, -0.9, 1.0, -0.7, 1.0, 0.5, -0.7, 0.2, 0.7, 0.9, -0.1, 0.2, -0.8, 0.1, 0.3, -2.22044604925e-16, 0.5, 0.1, 0.6)'),
 Autopilot('\n(0.7, -0.7, -0.9, 1.0, -0.7, 1.0, 0.5, -0.7, 0.2, 0.7, 0.9, -0.1, 0.2, -0.8, 0.1, 0.3, -2.22044604925e-16, 0.5, 0.1, 0.6)'),
 Autopilot('\n(-0.2, -0.7, -0.9, 1.0, -0.7, 1.0, 0.5, -0.7, 0.2, 0.7, 0.9, -0.1, 0.2, -0.8, 0.1, 0.3, -2.22044604925e-16, 0.5, 0.1, 0.6)')]

[Autopilot('\n(0.1, -1.0, -0.8, 0.9, 0.5, 0.2, -0.7, -2.22044604925e-16, 0.3, 0.5, 0.4, 0.2, -0.4, -1.0, -0.8, 0.6, 0.7, 0.4, -2.22044604925e-16, 0.4)'),
 Autopilot('\n(0.6, -1.0, -0.8, 0.9, 0.5, 0.2, -0.7, -2.22044604925e-16, 0.3, 0.5, 0.4, 0.2, -0.4, -1.0, -0.8, 0.6, 0.7, 0.4, -2.22044604925e-16, 0.4)'),
 Autopilot('\n(0.6, -1.0, -0.8, 0.9, 0.5, 0.2, -0.7, -2.22044604925e-16, 0.3, 0.5, 0.4, 0.2, -0.4, -1.0, -0.8, 0.6, 0.7, 0.4, -2.22044604925e-16, 0.4)'),
 Autopilot('\n(-0.5, -1.0, -0.8, 0.9, 0.5, 0.2, -0.7, -2.22044604925e-16, 0.3, 0.5, 0.4, 0.2, -0.4, -1.0, -0.8, 0.6, 0.7, 0.4, -2.22044604925e-16, 0.4)'),
 Autopilot('\n(0.6, -1.0, -0.8, 0.9, 0.5, 0.2, -0.7, -2.22044604925e-16, 0.3, 0.5, 0.4, 0.2, -0.4, -1.0, -0.8, 0.6, 0.7, 0.4, -2.22044604925e-16, 0.4)')]

[Autopilot('\n(0.2, 0.3, -0.8, 0.4, 1.0, -0.5, 0.8, -0.7, 0.3, 0.8, 0.6, 0.9, -0.9, -0.1, 0.3, 0.1, 0.7, 0.2, -2.22044604925e-16, 0.8)'),
 Autopilot('\n(0.2, 0.3, -0.8, 0.4, 1.0, -0.5, 0.8, -0.7, 0.3, 0.8, 0.6, 0.9, -0.9, -0.1, 0.3, 0.1, 0.7, 0.2, -2.22044604925e-16, 0.8)'),
 Autopilot('\n(0.2, 0.3, -0.8, 0.4, 1.0, -0.5, 0.8, -0.7, 0.3, 0.8, 0.6, 0.9, -0.9, -0.1, 0.3, 0.1, 0.7, 0.2, -2.22044604925e-16, 0.8)'),
 Autopilot('\n(0.2, 0.3, -0.8, 0.4, 1.0, -0.5, 0.8, -0.7, 0.3, 0.8, 0.6, 0.9, -0.9, -0.1, 0.3, 0.1, 0.7, 0.2, -2.22044604925e-16, 0.8)'),
 Autopilot('\n(0.2, 0.3, -0.8, 0.4, 1.0, -0.5, 0.8, -0.7, 0.3, 0.8, 0.6, 0.9, -0.9, -0.1, 0.3, 0.1, 0.7, 0.2, -2.22044604925e-16, 0.8)')]

[Autopilot('\n(-0.3, -0.3, -1.0, 0.8, -0.4, 0.6, 0.7, -1.0, 0.7, 0.8, 0.6, 0.3, -2.22044604925e-16, -0.3, -0.7, 0.9, 0.3, 0.7, 0.7, -0.9)'),
 Autopilot('\n(-0.1, -0.3, -1.0, 0.8, -0.4, 0.6, 0.7, -1.0, 0.7, 0.8, 0.6, 0.3, -2.22044604925e-16, -0.3, -0.7, 0.9, 0.3, 0.7, 0.7, -0.9)'),
 Autopilot('\n(-0.5, -0.3, -1.0, 0.8, -0.4, 0.6, 0.7, -1.0, 0.7, 0.8, 0.6, 0.3, -2.22044604925e-16, -0.3, -0.7, 0.9, 0.3, 0.7, 0.7, -0.9)'),
 Autopilot('\n(0.7, -0.3, -1.0, 0.8, -0.4, 0.6, 0.7, -1.0, 0.7, 0.8, 0.6, 0.3, -2.22044604925e-16, -0.3, -0.7, 0.9, 0.3, 0.7, 0.7, -0.9)'),
 Autopilot('\n(-0.5, -0.3, -1.0, 0.8, -0.4, 0.6, 0.7, -1.0, 0.7, 0.8, 0.6, 0.3, -2.22044604925e-16, -0.3, -0.7, 0.9, 0.3, 0.7, 0.7, -0.9)')]

[Autopilot('\n(0.5, 0.1, -0.6, 0.6, -0.9, 0.1, 0.2, -0.1, 0.5, -0.7, 0.5, -1.0, 0.3, 0.5, -0.4, 0.3, 0.8, -0.3, 0.4, 0.9)'),
 Autopilot('\n(-0.2, 0.1, -0.6, 0.6, -0.9, 0.1, 0.2, -0.1, 0.5, -0.7, 0.5, -1.0, 0.3, 0.5, -0.4, 0.3, 0.8, -0.3, 0.4, 0.9)'),
 Autopilot('\n(0.9, 0.1, -0.6, 0.6, -0.9, 0.1, 0.2, -0.1, 0.5, -0.7, 0.5, -1.0, 0.3, 0.5, -0.4, 0.3, 0.8, -0.3, 0.4, 0.9)'),
 Autopilot('\n(-0.5, 0.1, -0.6, 0.6, -0.9, 0.1, 0.2, -0.1, 0.5, -0.7, 0.5, -1.0, 0.3, 0.5, -0.4, 0.3, 0.8, -0.3, 0.4, 0.9)'),
 Autopilot('\n(0.9, 0.1, -0.6, 0.6, -0.9, 0.1, 0.2, -0.1, 0.5, -0.7, 0.5, -1.0, 0.3, 0.5, -0.4, 0.3, 0.8, -0.3, 0.4, 0.9)')]
