

Run Out Of Lives!	False	None:
(-0.789, 0.72, 0.365, 0.637, -0.721, 0.111, 0.913, 0.3, 0.867, 0.836, -0.509, 0.661, 0.953, 0.489, -0.51, 0.824, 0.231, 0.789, 0.044, 0.54)

9.01	False	Clover_track:
(0.7, -0.3, -1.0, 0.8, -0.4, 0.6, 0.7, -1.0, 0.7, 0.8, 0.6, 0.3, 0.0, -0.3, -0.7, 0.9, 0.3, 0.7, 0.7, -0.9)

2.31	False	Clover_track:
(-0.836, -0.925, -0.694, 0.467, 0.707, 0.616, 0.907, -0.245, 0.537, -0.431, 0.717, -0.085, 0.526, -0.315, 0.306, 0.384, -0.729, 1.052, 0.356, -0.352)

2.31	False	Clover_track:
(-0.9, -0.925, -0.694, 0.467, 0.707, 0.616, 0.907, -0.245, 0.537, -0.431, 0.791, -0.085, 0.526, -0.315, 0.306, 0.384, -0.729, 1.052, 0.356, -0.352)

1.31	False	Clover_track:
(-0.9, -0.587, -0.694, 0.467, 0.707, 0.616, 0.907, -0.245, 0.537, -0.431, 0.912, -0.085, 0.526, -0.315, 0.306, 0.384, -0.729, 1.052, 0.356, -0.352)

0.01	False	None:
(0.7, -0.3, -1.0, 0.8, -0.4, 0.6, 0.7, -1.0, 0.7, 0.8, 0.6, 0.3, 0.0, -0.3, -0.7, 0.9, 0.3, 0.7, 0.7, -0.9)

0.01	False	None:
(-0.836, -0.925, -0.694, 0.467, 0.707, 0.616, 0.907, -0.245, 0.537, -0.431, 0.717, -0.085, 0.526, -0.315, 0.306, 0.384, -0.729, 1.052, 0.356, -0.352)

0.01	False	None:
(-0.9, -0.925, -0.694, 0.467, 0.707, 0.616, 0.907, -0.245, 0.537, -0.431, 0.791, -0.085, 0.526, -0.315, 0.306, 0.384, -0.729, 1.052, 0.356, -0.352)

0.01	False	None:
(-0.9, -0.587, -0.694, 0.467, 0.707, 0.616, 0.907, -0.245, 0.537, -0.431, 0.912, -0.085, 0.526, -0.315, 0.306, 0.384, -0.729, 1.052, 0.356, -0.352)

Run Out Of Lives!	False	Chris_Track:
(0.037, -0.221, 1.018, -0.418, -0.897, -0.577, 0.568, 0.694, 0.667, 0.296, -0.759, -0.692, -0.222, 0.77, 1.049, -0.646, -0.702, -0.328, 0.919, -0.442)

Run Out Of Lives!	False	Tri-Clover:
(0.901, 0.937, -0.483, -0.207, -0.505, -0.582, 0.518, 0.471, 0.216, 0.09, -0.323, 0.985, 0.421, -0.686, -0.764, 0.302, 0.73, 0.545, 0.839, 0.245)

Run Out Of Lives!	False	None:
(-0.007, -0.26, 0.314, 0.508, 0.573, 0.149, 0.733, 0.813, 0.251, -0.025, 0.268, -0.24, -0.491, 0.142, -0.165, 0.329, 0.684, 0.587, 0.602, 0.662)

Run Out Of Lives!	False	Clover_track:
(0.923, 1.032, 0.646, 0.284, 0.298, -0.803, -0.352, -0.59, 0.385, 0.624, 0.641, -0.638, -0.173, -0.632, 0.242, 0.282, -0.312, -0.208, -0.063, 0.935)

Run Out Of Lives!	False	Tri-Clover:
(-0.228, 0.44, -0.172, 0.534, -0.942, -0.351, 0.255, -0.891, -0.432, 0.118, 0.484, 0.709, -0.691, -0.438, -0.097, -0.018, -0.826, 0.926, -0.283, 0.376)

0.11	False	Clover_track:
(0.29, -0.057, 0.215, 1.03, -0.777, -0.13, 0.229, 0.734, -0.587, 0.909, 0.778, -0.449, -0.746, 0.468, 0.232, -0.322, 0.81, -0.358, -0.052, 1.042)

Run Out Of Lives!	False	None:
(0.627, 0.703, -0.677, 1.029, -0.222, 0.618, -0.283, -0.085, 0.04, 0.965, -0.612, 0.247, -0.191, 0.715, 0.07, 0.873, 0.466, 0.066, -0.404, -0.83)

Run Out Of Lives!	False	Tri-Clover:
(0.496, 0.239, 0.087, 0.804, 0.592, 1.039, 0.21, 0.182, -0.541, -0.168, -0.108, -0.611, -0.698, 0.778, 0.42, 0.18, -0.838, 0.46, -0.914, 0.025)

0.01	False	Clover_track:
(0.495, -0.928, 0.919, 0.009, -0.381, -0.063, 0.401, 0.899, -0.478, 0.518, 0.081, 0.403, -0.617, 0.178, 0.23, 0.961, -0.774, 0.452, 0.032, -0.37)

0.01	False	Clover_track:
(0.923, 0.741, -0.362, -0.91, 0.564, 0.462, -0.056, 0.177, 0.965, 0.28, 0.441, -0.785, -0.482, 0.089, 1.044, -0.412, -0.511, -0.942, -0.752, -0.659)